-1.438553042525388126e-02
-5.100335704312876361e-03
1.166293806283341498e-02
-1.699143058189834382e-02
1.254224772741112555e-02
1.703616284763805229e-03
1.305335001902680446e-02
1.976793546426411363e-02
1.653237517632235448e-02
-2.831173001649464616e-03
-5.813215391237754048e-03
-8.967570419103516877e-03
3.754867886919395839e-03
1.094096971375125432e-02
1.027577682437753187e-02
-3.085604731731612406e-03
-7.911265465471981062e-03
-6.335943125712032928e-03
-4.603499125388068464e-03
7.576355639944866091e-03
1.287225604890540956e-02
-3.426412336488369927e-03
1.819565125558302715e-02
7.393235769507646576e-03
1.391678720346573722e-02
-3.146315391667706737e-03
-3.764208034133593311e-03
-4.316029339708035012e-03
-1.243017271129909229e-02
-1.960716321905663778e-02
-1.379833764030855871e-02
-1.848000473470713407e-03
-7.819906786051012207e-03
-1.899165826224601811e-02
-1.011962664727975372e-02
4.086901727074802697e-03
3.687031215837748184e-03
1.971016856774437942e-02
-9.454631946204820891e-03
6.938419096338215540e-03
-3.446485280334432577e-02
-1.653945465172411422e-02
-4.685530080095359415e-03
-2.586841860957036360e-02
-1.767132435243721524e-03
-1.228421056219453945e-04
-1.538489976107756604e-02
-6.140206198897357401e-03
5.281389538396052616e-03
1.591351531758768145e-02
-8.182050278073218705e-03
9.512367041539709911e-03
1.523971694138329114e-02
-9.713398371755329469e-03
-1.042274370884529143e-02
7.397979755617657693e-03
5.361145955271501111e-03
-6.930872327891673262e-03
-7.603815694080666085e-03
-3.249590814159796122e-03
1.518401172830641938e-02
4.757197397138240164e-03
-1.279967473658849032e-04
1.065478219989718540e-02
8.171930723485308981e-03
1.249374844532609961e-02
1.108091740879071918e-03
-7.682640367363558973e-03
-1.093799195049354953e-02
8.992246022447173207e-03
-8.893921153822915288e-03
1.297308143409008421e-02
-9.175332064453119510e-03
-2.629243304936947079e-02
-5.201915891698587896e-03
-7.789689039386333419e-03
-2.432193985704527925e-02
-3.175195766116215013e-02
1.815764824331189339e-03
3.308340804398159519e-03
-5.823863061348424908e-03
1.445424772956678018e-02
3.775636403777215405e-03
-1.597037346987857306e-02
-3.598209838635389214e-03
4.332204528729362465e-03
-2.491568462648579424e-02
-7.140678962091321670e-03
-2.093467433327706601e-02
1.658084818318496939e-02
-1.408733217623393472e-02
6.530503887562769810e-03
-2.807358504694843025e-03
-7.685987148916606504e-03
-1.439961488976079090e-02
-1.664602816545854291e-02
3.448023727748316617e-03
1.606593414915011633e-02
9.552387955808792214e-03
1.212697333099289551e-02
