9.345804966558405452e-03
1.082525358659915636e-02
3.806705799147918484e-03
-1.652426643131460829e-02
9.161158386868019365e-03
-8.231219345473715296e-03
2.058985390242564634e-02
-1.542331573464557522e-02
2.821580509100787837e-02
2.247376983012849133e-02
1.510102024198589285e-02
-2.009500974581319294e-03
3.889371800772273985e-03
-1.107389748959954241e-02
1.270362254292066104e-02
6.451032331093133586e-03
1.527653071980839168e-02
4.277414933756690241e-04
3.111144675716969940e-04
-4.346966052878884282e-04
-2.128828607182406060e-03
7.519778256746656453e-03
-9.622030664080934506e-03
3.472677619630025209e-03
-2.169672243890079927e-02
-1.008522301623012568e-02
1.016796932566554727e-02
3.676769992721520310e-03
1.942151832309336329e-02
9.531211082500334192e-04
-9.606605128378416236e-03
1.325215701281387028e-02
-5.729687341896138805e-03
-6.481271116440362814e-03
7.881796011409885130e-04
-5.682882420798894638e-04
5.320533643547560414e-03
2.915640126104890317e-02
9.698883188973793368e-03
-2.068165718174645035e-03
7.659738279767453265e-03
-5.096978599156325521e-04
2.307165974300093639e-03
-1.022511089134409482e-02
2.106676813612621754e-03
1.812762922693574204e-03
1.043078091544736088e-02
-2.715390034190660537e-03
-2.734403900514523894e-03
1.848335772479837253e-03
-2.301448721549189530e-02
3.557814017438412982e-03
1.502705882091248798e-03
-9.796795474087773015e-03
1.390096847182112350e-02
6.051660977644687800e-03
-9.737543314097207858e-03
-5.366675982822821829e-03
-2.999822063345036760e-03
-1.300833971820546803e-02
1.084559415306243432e-02
1.655838030235250169e-02
-3.493858823128757722e-03
-1.392519694754938177e-02
2.680049147979355478e-02
-1.185039125275333741e-02
-1.024007378695195166e-03
4.363213467655970706e-04
7.658183884543829506e-04
1.569030920771703058e-02
-6.970401777288783886e-03
-6.507349385793110945e-04
-2.807285611401005854e-05
8.290021401618326985e-03
-1.289480952934557619e-03
-1.284309848132672571e-02
-4.927626182521873538e-03
4.424549799244488144e-03
6.274756147896501726e-03
-1.151691954830448734e-02
8.713155856578398695e-03
2.794253378252001957e-02
-3.370306463466251918e-03
-3.904906507417575494e-03
1.346975922750969466e-02
-1.544488196661873529e-02
1.663175625090437771e-03
1.097138533925453435e-02
-5.707183820848169171e-03
8.913043040906579173e-03
8.053249909633249104e-04
-1.836604551000027216e-02
1.366818243359040064e-02
-1.235041589770601717e-02
2.329172865169232623e-02
4.883887329583704896e-03
-1.901416478664573429e-03
1.123888842852195820e-02
8.316836350822606402e-03
8.962974620753384747e-03
