-2.542115231691110047e-03
-1.601844387224519300e-02
-2.124442928507447835e-03
4.308835093911103295e-03
1.129153975626936458e-02
5.091111327228741226e-03
9.076993265680127418e-04
6.244962841931971792e-03
-1.637060154392961167e-02
-7.156903257688127830e-03
-3.575047529224457694e-03
-2.936895884938625981e-03
-5.971424370320970419e-03
-6.103817293071389302e-03
6.097988689367922488e-03
-5.963954462553268734e-03
-3.747477865501214027e-03
8.873225501586810490e-03
3.716089760462624840e-03
1.051502420923563011e-02
4.091212338035606771e-03
1.998317891742238187e-02
-1.437059076474343430e-03
-8.893705577310945590e-03
2.159971170775135466e-02
-1.263936935203560478e-02
1.189693412980305509e-02
6.511466604457660616e-03
-1.652444505718805162e-02
-1.382552646506946502e-02
-1.576558330157248541e-02
4.259060097082065753e-03
8.698385641096595400e-03
-7.318033437473754968e-03
-1.215811266603314096e-03
1.717440925713531420e-03
-4.461812111078990520e-03
5.303746657159807282e-03
-1.420316917509444749e-03
-1.651683396180570265e-03
7.671276581202650553e-03
-4.764237489199554289e-03
-8.590077003362481950e-03
1.069684767539715725e-02
-5.698178243644720642e-03
-3.936117730867903786e-03
-2.991501438852441075e-03
7.199967603295272939e-04
1.238865322413136745e-02
-2.898581034118460562e-03
1.888006262769043736e-03
-1.898120981531739582e-02
8.819774082519276845e-03
-1.897599718962343033e-03
-2.671157457297231724e-03
1.368766275571520544e-02
2.301409499160723265e-02
-1.435403308815122632e-02
-7.472329088686925636e-03
7.165455482430408383e-03
1.250596779250403440e-02
-2.683410562237324021e-02
-9.315100777884400760e-03
-1.204327566806411356e-02
-1.123436408045492760e-02
4.349837408548985068e-03
-5.193359084961478647e-03
-1.367073717028127744e-02
2.092320148182474568e-02
-3.264546564643359960e-02
-5.909264973135422080e-03
8.501915294325201877e-03
-7.937078227606881448e-03
-9.274162257531403178e-03
-1.675008931903526621e-02
-4.969906889604277025e-03
9.253469538138558298e-03
3.371636064267023898e-03
1.843321130117032622e-02
1.952140311279417298e-02
-1.946600060257026865e-02
4.303405894650664913e-03
2.097101771973060216e-03
1.843411721209297499e-02
-4.572567583626814883e-03
-5.861756010872808814e-03
-9.678267476764004090e-03
-1.971609731979684366e-02
-3.794865752042915919e-03
-2.514564655786147122e-03
2.142605105724171288e-02
7.426573517649578265e-03
1.550611587750966303e-03
-6.055439545841395654e-03
-1.851983179945332694e-02
8.752406162515286719e-03
4.309870627921185901e-05
-2.726254570299505367e-02
-3.164885462597051037e-03
1.039561937294373149e-02
